gridtype = curvilinear
gridsize = 20944
xsize = 136
ysize = 154
xvals = [110.03906  110.390625 110.74219  111.09375  111.44531  111.796875
 112.14844  112.5      112.85156  113.203125 113.55469  113.90625
 114.25781  114.609375 114.96094  115.3125   115.66406  116.015625
 116.36719  116.71875  117.07031  117.421875 117.77344  118.125
 118.47656  118.828125 119.17969  119.53125  119.88281  120.234375
 120.58594  120.9375   121.28906  121.640625 121.99219  122.34375
 122.69531  123.046875 123.39844  123.75     124.10156  124.453125
 124.80469  125.15625  125.50781  125.859375 126.21094  126.5625
 126.91406  127.265625 127.61719  127.96875  128.32031  128.67188
 129.02344  129.375    129.72656  130.07812  130.42969  130.78125
 131.13281  131.48438  131.83594  132.1875   132.53906  132.89062
 133.24219  133.59375  133.94531  134.29688  134.64844  135.
 135.35156  135.70312  136.05469  136.40625  136.75781  137.10938
 137.46094  137.8125   138.16406  138.51562  138.86719  139.21875
 139.57031  139.92188  140.27344  140.625    140.97656  141.32812
 141.67969  142.03125  142.38281  142.73438  143.08594  143.4375
 143.78906  144.14062  144.49219  144.84375  145.19531  145.54688
 145.89844  146.25     146.60156  146.95312  147.30469  147.65625
 148.00781  148.35938  148.71094  149.0625   149.41406  149.76562
 150.11719  150.46875  150.82031  151.17188  151.52344  151.875
 152.22656  152.57812  152.92969  153.28125  153.63281  153.98438
 154.33594  154.6875   155.03906  155.39062  155.74219  156.09375
 156.44531  156.79688  157.14844  157.5     ]
yvals = [ -9.140625  -9.375     -9.609375  -9.84375  -10.078125 -10.3125
 -10.546875 -10.78125  -11.015625 -11.25     -11.484375 -11.71875
 -11.953125 -12.1875   -12.421875 -12.65625  -12.890625 -13.125
 -13.359375 -13.59375  -13.828125 -14.0625   -14.296875 -14.53125
 -14.765625 -15.       -15.234375 -15.46875  -15.703125 -15.9375
 -16.171875 -16.40625  -16.640625 -16.875    -17.109375 -17.34375
 -17.578125 -17.8125   -18.046875 -18.28125  -18.515625 -18.75
 -18.984375 -19.21875  -19.453125 -19.6875   -19.921875 -20.15625
 -20.390625 -20.625    -20.859375 -21.09375  -21.328125 -21.5625
 -21.796875 -22.03125  -22.265625 -22.5      -22.734375 -22.96875
 -23.203125 -23.4375   -23.671875 -23.90625  -24.140625 -24.375
 -24.609375 -24.84375  -25.078125 -25.3125   -25.546875 -25.78125
 -26.015625 -26.25     -26.484375 -26.71875  -26.953125 -27.1875
 -27.421875 -27.65625  -27.890625 -28.125    -28.359375 -28.59375
 -28.828125 -29.0625   -29.296875 -29.53125  -29.765625 -30.
 -30.234375 -30.46875  -30.703125 -30.9375   -31.171875 -31.40625
 -31.640625 -31.875    -32.109375 -32.34375  -32.578125 -32.8125
 -33.046875 -33.28125  -33.515625 -33.75     -33.984375 -34.21875
 -34.453125 -34.6875   -34.921875 -35.15625  -35.390625 -35.625
 -35.859375 -36.09375  -36.328125 -36.5625   -36.796875 -37.03125
 -37.265625 -37.5      -37.734375 -37.96875  -38.203125 -38.4375
 -38.671875 -38.90625  -39.140625 -39.375    -39.609375 -39.84375
 -40.078125 -40.3125   -40.546875 -40.78125  -41.015625 -41.25
 -41.484375 -41.71875  -41.953125 -42.1875   -42.421875 -42.65625
 -42.890625 -43.125    -43.359375 -43.59375  -43.828125 -44.0625
 -44.296875 -44.53125  -44.765625 -45.      ]